
80.63173, 7.28985
80.63165000000001, 7.2890500000000005
80.63040000000001, 7.287300000000001
80.62857000000001, 7.279230000000001
80.61787000000001, 7.273040000000001
80.60791, 7.268250000000001
80.60292000000001, 7.268400000000001
80.59799000000001, 7.266240000000001
80.59642000000001, 7.2646500000000005
80.59513000000001, 7.26421
80.5942, 7.26559
80.59271000000001, 7.261500000000001
80.593, 7.258310000000001
80.59242, 7.257700000000001
80.59011000000001, 7.24905
80.59147, 7.2379500000000005
80.59445000000001, 7.226280000000001
80.59665000000001, 7.211360000000001
80.59888000000001, 7.198340000000001
80.59866000000001, 7.19033
80.59344, 7.186420000000001
80.59280000000001, 7.180280000000001
80.58897, 7.178170000000001
80.58277000000001, 7.168850000000001
80.57368000000001, 7.1621500000000005
80.56761, 7.1607
80.56077, 7.1573
80.5591, 7.146750000000001
80.56111000000001, 7.139530000000001
80.56183, 7.1303600000000005
80.558, 7.122400000000001
80.5587, 7.11882
80.56021000000001, 7.11472
80.56462, 7.11035
80.56411000000001, 7.1084700000000005
80.56030000000001, 7.10686
80.55742000000001, 7.1020900000000005
80.55464, 7.096610000000001
80.55695, 7.088570000000001
80.55501000000001, 7.0839300000000005
80.55295000000001, 7.080890000000001
80.54938000000001, 7.0806700000000005
80.54632000000001, 7.07849
80.54243000000001, 7.073670000000001
80.54035, 7.064100000000001
80.53845000000001, 7.05649
80.5343, 7.050770000000001
80.52984000000001, 7.04905
80.52804, 7.046450000000001
80.52941000000001, 7.039070000000001
80.52938, 7.0338400000000005
80.53044000000001, 7.02995
80.5369, 7.0247
80.54006000000001, 7.021800000000001
80.54497, 7.019290000000001
80.54633000000001, 7.01707
80.54447, 7.013120000000001
80.54062, 7.008730000000001
80.53893000000001, 7.00342
80.53746000000001, 6.9998000000000005
80.53670000000001, 6.9938400000000005
80.53957000000001, 6.990850000000001
80.54053, 6.98784
80.53995, 6.98491
80.53964, 6.98409
80.53725, 6.98589
80.53527000000001, 6.985150000000001
80.53301, 6.9849000000000006
80.53071000000001, 6.986580000000001
80.52993000000001, 6.9613700000000005
80.52681000000001, 6.96034
80.52892000000001, 6.958830000000001
80.53117, 6.955690000000001
80.53475, 6.95016
80.53566000000001, 6.947940000000001
80.54167000000001, 6.946840000000001
80.54453000000001, 6.944890000000001
80.546, 6.940180000000001
80.55021, 6.933800000000001
80.55532000000001, 6.934640000000001
80.55672000000001, 6.936610000000001
80.55635000000001, 6.935720000000001
80.55802000000001, 6.933210000000001
80.55926000000001, 6.929500000000001
80.56207, 6.925180000000001
80.56605, 6.92536
80.56935, 6.923310000000001
80.56884000000001, 6.92098
80.57006000000001, 6.917300000000001
80.57311, 6.91394
80.57724, 6.90845
80.58272000000001, 6.906650000000001
80.58803, 6.90265
80.58969, 6.898460000000001
80.59293000000001, 6.89261
80.59846, 6.89233
80.60135000000001, 6.895370000000001
80.60323000000001, 6.89949
80.60621, 6.9021300000000005
80.60733, 6.903690000000001
80.6063, 6.905690000000001
80.60448000000001, 6.91023
80.60275, 6.914140000000001
80.60162000000001, 6.918260000000001
80.60267, 6.926340000000001
80.60753000000001, 6.93064
80.61173000000001, 6.9299100000000005
80.61777000000001, 6.931380000000001
80.62071, 6.933630000000001
80.62391000000001, 6.936070000000001
80.62479, 6.9374
80.62717, 6.93855
80.63282000000001, 6.937690000000001
80.63408000000001, 6.9395500000000006
80.63592000000001, 6.9421100000000004
80.63794, 6.94439
80.63929, 6.944710000000001
80.64159000000001, 6.94681
80.64611000000001, 6.946390000000001
80.65284000000001, 6.943420000000001
80.65496, 6.94256
80.6589, 6.940130000000001
80.66108000000001, 6.939990000000001
80.66378, 6.94573
80.66178000000001, 6.9490300000000005
80.65794000000001, 6.953640000000001
80.6555, 6.95485
80.65806, 6.956580000000001
80.65939, 6.95734
80.65658, 6.960030000000001
80.65515, 6.962860000000001
80.65779, 6.960020000000001
80.65932000000001, 6.958660000000001
80.66085000000001, 6.960800000000001
80.66056, 6.96351
80.65933000000001, 6.9657100000000005
80.66025, 6.9661800000000005
80.65421, 6.96891
80.653, 6.97203
80.65543000000001, 6.972740000000001
80.65780000000001, 6.970790000000001
80.65926, 6.969720000000001
80.66203, 6.967600000000001
80.66273000000001, 6.964930000000001
80.66775000000001, 6.963500000000001
80.67076, 6.964760000000001
80.67261, 6.96532
80.67517000000001, 6.96332
80.67733000000001, 6.96288
80.67967, 6.95964
80.68097, 6.95776
80.68780000000001, 6.9520100000000005
80.69943, 6.95293
80.70410000000001, 6.950380000000001
80.70492, 6.948530000000001
80.70673000000001, 6.945270000000001
80.71274000000001, 6.943700000000001
80.71431000000001, 6.94514
80.71781, 6.94451
80.72312000000001, 6.943300000000001
80.72888, 6.940510000000001
80.73358, 6.944380000000001
80.73662, 6.945850000000001
80.73845, 6.94484
80.74026, 6.943790000000001
80.74373000000001, 6.94007
80.74309000000001, 6.93878
80.74086000000001, 6.937010000000001
80.73972, 6.936210000000001
80.74187, 6.9350000000000005
80.74429, 6.933000000000001
80.74377000000001, 6.926500000000001
80.74106, 6.9207600000000005
80.74852000000001, 6.9194700000000005
80.74995000000001, 6.9194
80.75251, 6.919040000000001
80.75456000000001, 6.91635
80.75397000000001, 6.912120000000001
80.75498, 6.91004
80.76010000000001, 6.90601
80.76459000000001, 6.90052
80.76682000000001, 6.897270000000001
80.76617, 6.896230000000001
80.77109, 6.892760000000001
80.77316, 6.891000000000001
80.77310000000001, 6.88963
80.7754, 6.8884300000000005
80.78058, 6.8890400000000005
80.78251, 6.889010000000001
80.78408, 6.886520000000001
80.7847, 6.88417
80.78687000000001, 6.8854500000000005
80.78824, 6.886570000000001
80.79167000000001, 6.88567
80.7938, 6.882720000000001
80.79622, 6.880380000000001
80.79911000000001, 6.880890000000001
80.80286000000001, 6.8791
80.80749, 6.878450000000001
80.81252, 6.875030000000001
80.81616000000001, 6.873830000000001
80.82067, 6.873380000000001
80.82348, 6.869720000000001
80.8251, 6.864350000000001
80.82771000000001, 6.8539200000000005
80.83185, 6.850560000000001
80.83088000000001, 6.848370000000001
80.83354000000001, 6.845300000000001
80.83438000000001, 6.84271
80.83691, 6.840450000000001
80.83927000000001, 6.83774
80.83936000000001, 6.8348700000000004
80.83849000000001, 6.834350000000001
80.84087000000001, 6.830820000000001
80.84087000000001, 6.82622
80.83898, 6.827800000000001
80.83592, 6.82502
80.83368, 6.820600000000001
80.83443000000001, 6.8177900000000005
80.84355000000001, 6.8158900000000004
80.84672, 6.811630000000001
80.85066, 6.80848
80.85436, 6.808680000000001
80.85828000000001, 6.805460000000001
80.86256, 6.803260000000001
80.86406000000001, 6.80332
80.86709, 6.80041
80.8716, 6.80025
80.87723000000001, 6.797670000000001
80.88058000000001, 6.79614
80.88214, 6.79405
80.88078, 6.792870000000001
80.87920000000001, 6.791150000000001
80.88153000000001, 6.79152
80.88489000000001, 6.787990000000001
80.88651, 6.783550000000001
80.89051, 6.77962
80.89619, 6.779610000000001
80.90221000000001, 6.779280000000001
80.90706, 6.778060000000001
80.91354000000001, 6.7769
80.91950000000001, 6.775860000000001
80.92466, 6.773770000000001
80.92939000000001, 6.772640000000001
80.93411, 6.770230000000001
80.93949, 6.7685
80.94462, 6.76663
80.95198, 6.76958
80.9604, 6.776050000000001
80.96209, 6.7826200000000005
80.96143000000001, 6.7863500000000005
80.96354000000001, 6.789000000000001
80.96277, 6.791360000000001
80.96437, 6.793690000000001
80.96389, 6.79391
80.96106, 6.7963000000000005
80.96013, 6.797540000000001
80.9574, 6.800660000000001
80.95775, 6.803780000000001
80.96045000000001, 6.806380000000001
80.96529000000001, 6.807390000000001
80.96797000000001, 6.806050000000001
80.97028, 6.80456
80.97115000000001, 6.805040000000001
80.97331000000001, 6.80513
80.97555000000001, 6.80982
80.97800000000001, 6.81639
80.98167000000001, 6.817620000000001
80.98691000000001, 6.8208
80.98762, 6.825010000000001
80.98514, 6.82929
80.98849000000001, 6.82833
80.99179000000001, 6.82711
80.99837000000001, 6.82866
80.99996, 6.8281600000000005
81.00202, 6.829720000000001
81.00379000000001, 6.83072
81.00767, 6.83272
81.01109000000001, 6.83178
81.01434, 6.832650000000001
81.01660000000001, 6.83525
81.01914000000001, 6.833410000000001
81.02237000000001, 6.835000000000001
81.02358000000001, 6.837040000000001
81.021, 6.83914
81.02256000000001, 6.8413200000000005
81.02483000000001, 6.8458000000000006
81.02680000000001, 6.8439000000000005
81.03287, 6.846850000000001
81.03936, 6.851590000000001
81.04328000000001, 6.8548100000000005
81.04464, 6.858390000000001
81.04383, 6.8614500000000005
81.04337000000001, 6.86305
81.04273, 6.862070000000001
81.03989, 6.8640300000000005
81.03912000000001, 6.8694500000000005
81.04320000000001, 6.871080000000001
81.04553000000001, 6.87333
81.04578000000001, 6.875780000000001
81.04709000000001, 6.8757600000000005
